run:
False Predictions:
0:Good(A,B,C) and 1:Bad(D,F)
stmt_date 	 rm_key 	 expected 	 predicted
12/31/2001	  828		  0   		   1
12/31/1995	  989		  0   		   1
12/31/2000	  1038		  0   		   1
12/31/2000	  910		  1   		   0
12/31/1996	  1049		  1   		   0
12/31/1999	  781		  0   		   1
12/31/2001	  766		  1   		   0
12/31/2005	  253		  0   		   1
12/31/1997	  796		  0   		   1
12/31/1998	  1054		  1   		   0
12/31/2009	  865		  0   		   1
12/31/2005	  259		  1   		   0
12/31/1999	  633		  0   		   1
12/31/1997	  632		  1   		   0
12/31/2007	  655		  1   		   0
12/31/1995	  910		  1   		   0
12/31/1996	  632		  0   		   1
12/31/2003	  1046		  1   		   0
12/31/2008	  1158		  0   		   1
12/31/2006	  498		  1   		   0
12/31/1995	  979		  1   		   0
12/31/2008	  684		  0   		   1
12/31/2003	  760		  1   		   0
12/31/2002	  781		  1   		   0
12/31/1996	  788		  1   		   0
12/31/2009	  1040		  0   		   1
12/31/2000	  793		  0   		   1
12/31/2003	  767		  1   		   0
12/31/2000	  633		  0   		   1
12/31/1999	  910		  1   		   0
12/31/2008	  789		  0   		   1
12/31/2006	  690		  1   		   0
12/31/2001	  936		  1   		   0
12/31/2002	  992		  1   		   0
12/31/2009	  586		  0   		   1
12/31/2008	  1052		  0   		   1
12/31/2009	  591		  0   		   1
12/31/1999	  1057		  1   		   0
12/31/1999	  989		  1   		   0
12/31/1999	  1049		  1   		   0
12/31/1997	  699		  0   		   1
12/31/2000	  1164		  1   		   0
12/31/1997	  706		  1   		   0
12/31/1997	  976		  1   		   0
12/31/2008	  698		  0   		   1
12/31/2004	  1013		  1   		   0
12/31/2006	  721		  0   		   1
12/31/1998	  640		  1   		   0
12/31/2008	  674		  1   		   0
12/31/2005	  786		  1   		   0
12/31/2007	  698		  0   		   1
12/31/2004	  671		  0   		   1
12/31/2003	  675		  1   		   0
12/31/2004	  865		  1   		   0
12/31/1995	  699		  0   		   1
12/31/2007	  1049		  1   		   0
12/31/2009	  530		  0   		   1
12/31/2000	  1143		  0   		   1
12/31/2005	  805		  1   		   0
12/31/1996	  840		  1   		   0
12/31/2006	  1011		  1   		   0
12/31/1999	  1054		  1   		   0
12/31/1997	  910		  0   		   1
12/31/1996	  675		  1   		   0
12/31/1998	  755		  0   		   1
12/31/2009	  592		  1   		   0
12/31/2004	  789		  1   		   0
12/31/1996	  752		  0   		   1
12/31/1995	  633		  1   		   0
12/31/2006	  781		  1   		   0
12/31/2004	  667		  0   		   1
12/31/2008	  668		  0   		   1
12/31/2003	  980		  0   		   1
12/31/1995	  865		  0   		   1
12/31/2007	  1048		  1   		   0
12/31/2000	  1162		  1   		   0
12/31/2005	  1040		  1   		   0
12/31/2005	  772		  1   		   0
12/31/2009	  745		  0   		   1
12/31/2006	  840		  1   		   0
12/31/1998	  749		  0   		   1
12/31/1998	  632		  1   		   0
12/31/1997	  980		  1   		   0
12/31/2000	  1168		  0   		   1
12/31/2008	  1040		  0   		   1
12/31/1996	  647		  1   		   0
12/31/1995	  1005		  1   		   0
12/31/2005	  865		  1   		   0
12/31/2001	  647		  1   		   0
12/31/2007	  828		  1   		   0
12/31/2002	  988		  0   		   1
12/31/2001	  865		  1   		   0
12/31/2008	  836		  1   		   0
12/31/2005	  792		  1   		   0
12/31/2000	  1128		  1   		   0
12/31/1999	  797		  1   		   0
12/31/2005	  757		  1   		   0
12/31/2003	  979		  0   		   1
12/31/2007	  793		  1   		   0
12/31/1996	  690		  0   		   1
12/31/2007	  759		  1   		   0
12/31/2002	  717		  0   		   1
12/31/2007	  1011		  0   		   1
12/31/2008	  1050		  1   		   0
12/31/2000	  781		  0   		   1
12/31/2006	  1049		  0   		   1
12/31/2003	  686		  1   		   0
12/31/1999	  694		  0   		   1
12/31/2006	  720		  0   		   1
12/31/2002	  1008		  0   		   1
12/31/2002	  922		  0   		   1
12/31/2007	  757		  1   		   0
12/31/2008	  707		  1   		   0
12/31/1999	  1141		  1   		   0
12/31/2006	  980		  0   		   1
12/31/2004	  1164		  0   		   1
12/31/2009	  1143		  1   		   0
12/31/2005	  1163		  0   		   1
12/31/2004	  987		  0   		   1
12/31/2006	  771		  0   		   1
12/31/1995	  675		  0   		   1
12/31/2004	  760		  0   		   1
12/31/2009	  767		  0   		   1
12/31/2006	  1048		  0   		   1
12/31/2002	  1048		  0   		   1
12/31/2002	  677		  0   		   1
12/31/2000	  744		  0   		   1
12/31/2002	  759		  1   		   0
12/31/2008	  771		  1   		   0
12/31/2007	  755		  0   		   1
12/31/2000	  998		  0   		   1
12/31/2006	  796		  0   		   1
12/31/1995	  1050		  0   		   1
12/31/1995	  974		  0   		   1
12/31/2007	  1002		  1   		   0
12/31/1998	  910		  0   		   1
12/31/2002	  981		  1   		   0
6/30/2006	  715		  1   		   0
12/31/1997	  1008		  1   		   0
12/31/2007	  1057		  0   		   1
12/31/1995	  781		  0   		   1
12/31/2006	  530		  0   		   1
12/31/2001	  808		  1   		   0
12/31/1996	  767		  1   		   0
12/31/2003	  745		  0   		   1
12/31/2005	  1052		  1   		   0
12/31/1995	  1054		  0   		   1
12/31/2009	  1050		  0   		   1
12/31/2007	  1052		  1   		   0
12/31/2006	  767		  0   		   1
12/31/2002	  495		  1   		   0
12/31/2006	  645		  1   		   0
12/31/1997	  760		  1   		   0
9/30/2007	  367		  1   		   0
12/31/2008	  774		  0   		   1
12/31/1995	  993		  1   		   0
12/31/2009	  992		  1   		   0
12/31/2000	  723		  1   		   0
12/31/2003	  993		  0   		   1
12/31/1999	  759		  0   		   1
12/31/1997	  767		  0   		   1
12/31/2005	  501		  1   		   0
12/31/2004	  985		  1   		   0
12/31/2003	  744		  1   		   0
12/31/1995	  674		  1   		   0
12/31/1997	  1054		  0   		   1
12/31/1995	  752		  1   		   0
12/31/2002	  883		  0   		   1
12/31/2006	  792		  1   		   0
12/31/1996	  1004		  1   		   0
12/31/2005	  902		  1   		   0
12/31/2007	  703		  1   		   0
12/31/1996	  653		  1   		   0
12/31/2005	  1002		  1   		   0
12/31/2000	  720		  1   		   0
12/31/1998	  865		  0   		   1
12/31/2007	  1050		  0   		   1
12/31/2001	  1008		  0   		   1
12/31/2005	  987		  1   		   0
12/31/2008	  700		  1   		   0
12/31/2005	  671		  1   		   0
12/31/2000	  745		  0   		   1
12/31/2004	  449		  0   		   1
12/31/2006	  703		  1   		   0
12/31/2009	  660		  1   		   0
12/31/2005	  716		  1   		   0
12/31/2008	  972		  0   		   1
12/31/2005	  957		  1   		   0
12/31/2000	  1049		  0   		   1
12/31/2004	  809		  1   		   0
12/31/2008	  508		  0   		   1
12/31/2005	  989		  0   		   1
12/31/2000	  865		  0   		   1
12/31/1996	  699		  1   		   0
12/31/2005	  1062		  1   		   0
12/31/2000	  678		  1   		   0
12/31/2007	  1059		  0   		   1
12/31/1998	  1057		  1   		   0
12/31/2001	  981		  0   		   1
12/31/1999	  1004		  1   		   0
12/31/2003	  953		  1   		   0
12/31/2002	  745		  1   		   0
12/31/2006	  684		  1   		   0
12/31/2008	  1011		  0   		   1
12/31/1995	  717		  1   		   0
12/31/1999	  998		  1   		   0
12/31/2008	  989		  0   		   1
12/31/1998	  686		  0   		   1
12/31/2001	  864		  0   		   1
12/31/2002	  755		  1   		   0
12/31/1995	  1057		  0   		   1
12/31/2003	  698		  1   		   0
12/31/2009	  501		  1   		   0
12/31/2004	  972		  0   		   1
12/31/2005	  796		  0   		   1
12/31/1995	  808		  1   		   0
12/31/2005	  721		  1   		   0
12/31/2005	  972		  0   		   1
12/31/2008	  1164		  1   		   0
12/31/2002	  809		  1   		   0
12/31/2001	  744		  0   		   1
12/31/1997	  995		  0   		   1
12/31/2003	  803		  0   		   1
12/31/2006	  972		  0   		   1
12/31/2006	  1003		  1   		   0
12/31/2000	  755		  1   		   0
12/31/2006	  986		  1   		   0
12/31/2002	  789		  1   		   0
12/31/2006	  698		  1   		   0
12/31/2008	  712		  1   		   0
12/31/1996	  718		  0   		   1
12/31/2006	  253		  1   		   0
12/31/2006	  447		  0   		   1
12/31/1999	  699		  1   		   0
12/31/2000	  796		  1   		   0
12/31/1998	  720		  1   		   0
12/31/1995	  707		  1   		   0
12/31/2006	  744		  1   		   0
12/31/2001	  922		  1   		   0
12/31/2004	  684		  1   		   0
12/31/2007	  749		  1   		   0
total incorrect: 241
=== Summary ===

Correctly Classified Instances        4191               94.5623 %
Incorrectly Classified Instances       241                5.4377 %
Kappa statistic                          0.708 
Mean absolute error                      0.0545
Root mean squared error                  0.2328
Relative absolute error                 28.4125 %
Root relative squared error             75.1758 %
Total Number of Instances             4432     

=== Confusion Matrix ===

    a    b   <-- classified as
 3851  105 |    a = A_B_C
  136  340 |    b = D_F

BUILD SUCCESSFUL (total time: 4 seconds)
